0.766017
0.775053
0.784168
0.793362
0.802637
0.811993
0.821433
0.830955
0.840563
0.850256
0.860036
0.869904
0.879861
0.889907
0.900044
0.910273
0.920595
0.931010
0.941520
0.952125
0.962827
0.973626
0.984523
0.995519
1.006615
1.017811
1.029108
1.040507
1.052008
1.063611
1.075317
1.087126
1.099039
1.111055
1.123175
1.135398
1.147724
1.160153
1.172684
1.185316
1.198048
1.210879
1.223808
1.236833
1.249953
1.263165
1.276467
1.289856
1.303329
1.316882
1.330513
1.344217
1.357989
1.371825
1.385719
1.399665
1.413657
1.427689
1.441752
1.455839
1.469943
1.484052
1.498159
1.512253
1.526324
1.540361
1.554351
1.568283
1.582144
1.595922
1.609602
1.623171
1.636614
1.649919
1.663069
1.676051
1.688850
1.701452
1.713842
1.726008
1.737935
1.749610
1.761022
1.772159
1.783010
1.793566
1.803818
1.813758
1.823380
1.832679
1.841651
1.850292
1.858602
1.866580
1.874228
1.881546
1.888539
1.895210
1.901566
1.907611
1.913353
1.918800
1.923960
1.928841
1.933454
1.937807
1.941911
1.945775
1.949410
1.952825
1.956032
1.959040
1.961859
1.964499
1.966969
1.969278
1.971436
1.973450
1.975331
1.977084
1.978719
1.980242
1.981660
1.982980
1.984208
1.985351
1.986413
1.987400
1.988317
1.989169
1.989960
1.990695
1.991377
1.992009
1.992596
1.993141
1.993646
1.994114
1.994548
1.994950
1.995323
1.995669
1.995989
1.996286
1.996561
1.996816
1.997052
1.997270
1.997472
1.997660
1.997833
1.997994
1.998143
1.998281
1.998408
1.998527
1.998636
1.998737
1.998831
1.998918
1.998998
1.999072
1.999141
1.999205
1.999264
1.999318
1.999369
1.999415
1.999459
1.999499
1.999536
1.999570
1.999602
1.999631
1.999658
1.999683
1.999707
1.999728
1.999748
1.999766
1.999783
1.999799
1.999814
1.999827
1.999840
1.999851
1.999862
1.999872
1.999881
1.999890
1.999898
1.999905
1.999912
1.999918
1.999924
1.999929
1.999934
1.999938
1.999943
1.999947
1.999950
1.999954
1.999957
1.999959
1.999962
1.999965
1.999967
1.999969
1.999971
1.999973
1.999974
1.999976
1.999977
1.999979
1.999980
1.999981
1.999982
1.999983
1.999984
1.999985
1.999986
1.999986
1.999987
1.999987
1.999988
1.999989
1.999989
1.999989
1.999990
1.999990
1.999991
1.999991
1.999991
1.999992
1.999992
1.999992
1.999992
1.999992
1.999993
1.999993
1.999993
1.999993
1.999993
1.999993
1.999994
1.999994
1.999994
1.999994
1.999994
1.999994
1.999994
1.999994
1.999994
1.999994
1.999994
1.999994
